3.674357986450195312e+01
3.450345611572265625e+01
3.273095321655273438e+01
3.201500701904296875e+01
3.066531372070312500e+01
2.839247703552246094e+01
2.723143005371093750e+01
2.616179275512695312e+01
2.534983444213867188e+01
2.447630310058593750e+01
2.424454879760742188e+01
2.190356636047363281e+01
2.158625030517578125e+01
2.004458236694335938e+01
1.914839744567871094e+01
1.902906799316406250e+01
1.815418434143066406e+01
1.723680496215820312e+01
1.721471023559570312e+01
1.655823898315429688e+01
1.564453315734863281e+01
1.462267780303955078e+01
1.411236381530761719e+01
1.401912689208984375e+01
1.395468139648437500e+01
1.267932033538818359e+01
1.258429241180419922e+01
1.254257297515869141e+01
1.245704650878906250e+01
1.133922958374023438e+01
1.103949642181396484e+01
1.042610645294189453e+01
9.929410934448242188e+00
1.032447528839111328e+01
9.343236923217773438e+00
9.784349441528320312e+00
9.225690841674804688e+00
9.412518501281738281e+00
8.650003433227539062e+00
8.809241294860839844e+00
8.987487792968750000e+00
7.977958679199218750e+00
7.830299854278564453e+00
7.478775501251220703e+00
7.710193634033203125e+00
7.585607528686523438e+00
7.309806823730468750e+00
7.280856609344482422e+00
6.537390232086181641e+00
6.553058624267578125e+00
6.628358364105224609e+00
6.373622894287109375e+00
5.893313884735107422e+00
6.274312019348144531e+00
5.792539119720458984e+00
5.922995567321777344e+00
5.962930202484130859e+00
5.701977252960205078e+00
5.701404094696044922e+00
5.775406837463378906e+00
5.245641231536865234e+00
5.727409839630126953e+00
4.648710250854492188e+00
4.867878437042236328e+00
4.752431392669677734e+00
4.535261154174804688e+00
4.815447330474853516e+00
5.001939773559570312e+00
4.716227054595947266e+00
4.568927764892578125e+00
4.501673221588134766e+00
4.695238113403320312e+00
4.533375263214111328e+00
4.232914447784423828e+00
4.241685390472412109e+00
3.979463577270507812e+00
4.040610313415527344e+00
4.087727546691894531e+00
3.725409746170043945e+00
3.995580673217773438e+00
3.900638818740844727e+00
3.868365526199340820e+00
3.980990409851074219e+00
3.966001510620117188e+00
3.940354108810424805e+00
3.614313364028930664e+00
3.546816825866699219e+00
3.462469816207885742e+00
3.348711729049682617e+00
3.156880378723144531e+00
3.297613859176635742e+00
3.647826671600341797e+00
3.232256412506103516e+00
3.159993410110473633e+00
3.173466205596923828e+00
2.959640741348266602e+00
2.788645267486572266e+00
2.723669290542602539e+00
2.739540815353393555e+00
2.969157457351684570e+00
2.935418844223022461e+00
2.869845867156982422e+00
2.483004331588745117e+00
2.650408267974853516e+00
2.690360546112060547e+00
2.704709768295288086e+00
2.724317073822021484e+00
2.594401359558105469e+00
2.393697738647460938e+00
2.444363832473754883e+00
2.465939998626708984e+00
2.454049348831176758e+00
2.484478712081909180e+00
2.440853595733642578e+00
2.283394813537597656e+00
2.186794757843017578e+00
2.140626907348632812e+00
2.363956212997436523e+00
2.131510019302368164e+00
2.129826068878173828e+00
2.311335802078247070e+00
2.097640514373779297e+00
2.037329196929931641e+00
2.112319469451904297e+00
1.977789759635925293e+00
2.091349124908447266e+00
1.998743414878845215e+00
1.837822794914245605e+00
2.078288078308105469e+00
2.013363122940063477e+00
2.068359136581420898e+00
1.909088611602783203e+00
1.960838317871093750e+00
2.075610399246215820e+00
1.946859478950500488e+00
1.869174838066101074e+00
1.695014834403991699e+00
1.700038194656372070e+00
1.737711548805236816e+00
1.665886998176574707e+00
1.738618969917297363e+00
1.669669866561889648e+00
1.555988192558288574e+00
1.575561881065368652e+00
1.746478080749511719e+00
1.483005166053771973e+00
1.524334549903869629e+00
1.504086375236511230e+00
1.729514956474304199e+00
1.613579034805297852e+00
1.464162945747375488e+00
1.432656288146972656e+00
1.614326953887939453e+00
1.519058465957641602e+00
1.593668341636657715e+00
1.585463166236877441e+00
1.449960589408874512e+00
1.366364598274230957e+00
1.335340261459350586e+00
1.369854688644409180e+00
1.467242360115051270e+00
1.297861814498901367e+00
1.361945390701293945e+00
1.408852458000183105e+00
1.416296482086181641e+00
1.294981479644775391e+00
1.267557382583618164e+00
1.390720844268798828e+00
1.283732295036315918e+00
1.192783355712890625e+00
1.214459896087646484e+00
1.249642252922058105e+00
1.213293313980102539e+00
1.267095446586608887e+00
1.185235619544982910e+00
1.226200580596923828e+00
1.322995066642761230e+00
1.179189205169677734e+00
1.149032235145568848e+00
1.045351982116699219e+00
1.123384952545166016e+00
1.153492212295532227e+00
1.144028306007385254e+00
1.094521880149841309e+00
1.168187975883483887e+00
1.080018162727355957e+00
1.009373426437377930e+00
1.039832592010498047e+00
1.021986246109008789e+00
1.026417613029479980e+00
9.929753541946411133e-01
9.232364296913146973e-01
1.118165135383605957e+00
1.168799519538879395e+00
1.109480500221252441e+00
9.157106876373291016e-01
1.050273060798645020e+00
1.022750377655029297e+00
1.088874816894531250e+00
1.015419125556945801e+00
1.026412844657897949e+00
1.024158239364624023e+00
9.336230158805847168e-01
9.698372483253479004e-01
1.019033312797546387e+00
1.019950270652770996e+00
1.015427470207214355e+00
9.979521036148071289e-01
9.100635647773742676e-01
9.739605188369750977e-01
7.950001955032348633e-01
7.782703042030334473e-01
8.878107666969299316e-01
8.585968017578125000e-01
8.646671175956726074e-01
8.818895816802978516e-01
8.942256569862365723e-01
9.817897081375122070e-01
8.904557824134826660e-01
8.277610540390014648e-01
9.369333386421203613e-01
9.098712801933288574e-01
8.368004560470581055e-01
8.534292578697204590e-01
9.751284122467041016e-01
7.664722204208374023e-01
7.631269097328186035e-01
7.430372834205627441e-01
8.236248493194580078e-01
7.673960328102111816e-01
6.410953402519226074e-01
7.620944380760192871e-01
7.703770399093627930e-01
7.238927483558654785e-01
6.922969818115234375e-01
7.006245255470275879e-01
8.972200751304626465e-01
7.208620309829711914e-01
6.862983107566833496e-01
6.538024544715881348e-01
7.183387279510498047e-01
6.710656881332397461e-01
7.167001962661743164e-01
6.890146136283874512e-01
6.304818391799926758e-01
6.275997757911682129e-01
7.583217024803161621e-01
6.471415162086486816e-01
7.435480952262878418e-01
7.297444939613342285e-01
6.524915695190429688e-01
6.659031510353088379e-01
6.941471099853515625e-01
6.069651246070861816e-01
6.162763237953186035e-01
5.290555357933044434e-01
7.666941285133361816e-01
6.083487868309020996e-01
6.914606094360351562e-01
5.947069525718688965e-01
5.943484902381896973e-01
5.378710031509399414e-01
5.278235673904418945e-01
6.573458909988403320e-01
5.543945431709289551e-01
5.941970348358154297e-01
5.426070094108581543e-01
5.746845602989196777e-01
6.647564768791198730e-01
5.626600980758666992e-01
6.145346760749816895e-01
5.700114369392395020e-01
5.956826806068420410e-01
6.509395241737365723e-01
4.957228899002075195e-01
6.389536857604980469e-01
5.542771220207214355e-01
5.079617500305175781e-01
5.018503069877624512e-01
4.671007394790649414e-01
5.216913819313049316e-01
4.378445446491241455e-01
5.516049265861511230e-01
5.672713518142700195e-01
4.638243019580841064e-01
6.116455793380737305e-01
4.420337677001953125e-01
5.295436382293701172e-01
4.938814043998718262e-01
5.441242456436157227e-01
5.491656661033630371e-01
5.600662827491760254e-01
5.588835477828979492e-01
4.567011296749114990e-01
4.323278367519378662e-01
5.458678603172302246e-01
5.237106084823608398e-01
4.463188052177429199e-01
5.118480324745178223e-01
5.186985731124877930e-01
4.806338548660278320e-01
4.440907537937164307e-01
4.427324533462524414e-01
4.778231978416442871e-01
4.488282501697540283e-01
4.415952563285827637e-01
4.987524151802062988e-01
4.590031206607818604e-01
5.104920268058776855e-01
4.322425425052642822e-01
4.367583990097045898e-01
4.121095836162567139e-01
4.684568941593170166e-01
4.550927877426147461e-01
5.098665356636047363e-01
4.314356744289398193e-01
4.230704307556152344e-01
4.174607396125793457e-01
4.245073497295379639e-01
4.359129965305328369e-01
4.293566346168518066e-01
3.998489379882812500e-01
4.894568920135498047e-01
4.192288815975189209e-01
4.302432239055633545e-01
3.712377250194549561e-01
3.755446672439575195e-01
4.351592063903808594e-01
4.204309880733489990e-01
4.429471492767333984e-01
3.677329421043395996e-01
4.781018197536468506e-01
3.751769363880157471e-01
3.500262796878814697e-01
3.363817036151885986e-01
3.648246228694915771e-01
3.488261699676513672e-01
4.032952189445495605e-01
3.578207492828369141e-01
3.794152140617370605e-01
3.653317093849182129e-01
3.844934403896331787e-01
3.908170163631439209e-01
3.360287547111511230e-01
3.379850983619689941e-01
3.742954134941101074e-01
3.833071887493133545e-01
3.457530438899993896e-01
3.671391010284423828e-01
3.851225376129150391e-01
3.786560595035552979e-01
3.487855195999145508e-01
3.647325336933135986e-01
2.952823936939239502e-01
3.503696024417877197e-01
4.068829417228698730e-01
3.584798276424407959e-01
3.360739648342132568e-01
3.128158748149871826e-01
3.274926543235778809e-01
3.389821350574493408e-01
3.753883838653564453e-01
3.334274291992187500e-01
3.499055504798889160e-01
3.437187671661376953e-01
3.668000102043151855e-01
4.131202101707458496e-01
3.352489173412322998e-01
3.863827884197235107e-01
3.483219146728515625e-01
3.640567362308502197e-01
2.942687273025512695e-01
3.309410512447357178e-01
3.094182312488555908e-01
3.213243484497070312e-01
2.885363101959228516e-01
2.831231355667114258e-01
3.429355621337890625e-01
2.887367010116577148e-01
3.660042285919189453e-01
3.400350809097290039e-01
2.976090312004089355e-01
2.977085709571838379e-01
3.025232851505279541e-01
3.035701513290405273e-01
3.207788765430450439e-01
3.789590597152709961e-01
2.853508889675140381e-01
2.636856138706207275e-01
2.537902891635894775e-01
3.511083722114562988e-01
2.722469866275787354e-01
2.761781811714172363e-01
2.591568231582641602e-01
2.731171250343322754e-01
2.941903769969940186e-01
2.624408304691314697e-01
2.634241282939910889e-01
2.767164409160614014e-01
2.908298373222351074e-01
2.877758443355560303e-01
2.760156095027923584e-01
2.838432788848876953e-01
2.694230973720550537e-01
2.748744487762451172e-01
2.171909958124160767e-01
2.635207474231719971e-01
2.395998686552047729e-01
2.466785460710525513e-01
3.289241790771484375e-01
3.085245490074157715e-01
2.308109104633331299e-01
2.519104182720184326e-01
2.376153618097305298e-01
2.615081965923309326e-01
2.586818039417266846e-01
2.765312790870666504e-01
2.793878912925720215e-01
2.970166802406311035e-01
2.795360386371612549e-01
3.295525610446929932e-01
2.226785421371459961e-01
3.353590071201324463e-01
2.778050899505615234e-01
2.374536842107772827e-01
2.779445648193359375e-01
2.730270028114318848e-01
2.626299262046813965e-01
2.528357803821563721e-01
3.188343644142150879e-01
2.235219031572341919e-01
1.991428732872009277e-01
2.892876267433166504e-01
2.412530779838562012e-01
2.425182014703750610e-01
2.182011008262634277e-01
1.964573711156845093e-01
1.932409405708312988e-01
2.161838859319686890e-01
2.435275167226791382e-01
2.140260487794876099e-01
2.632663547992706299e-01
2.270539253950119019e-01
2.484397441148757935e-01
2.823657393455505371e-01
1.842333674430847168e-01
2.297008633613586426e-01
2.623730897903442383e-01
2.432022541761398315e-01
2.631612420082092285e-01
2.783468961715698242e-01
2.023840695619583130e-01
2.192274481058120728e-01
2.130619287490844727e-01
2.416114211082458496e-01
2.050781995058059692e-01
2.036467641592025757e-01
2.320118546485900879e-01
1.550588756799697876e-01
1.833317577838897705e-01
2.025338411331176758e-01
2.244066745042800903e-01
1.921104192733764648e-01
1.501531302928924561e-01
2.178292870521545410e-01
1.929593086242675781e-01
2.110087126493453979e-01
2.002640515565872192e-01
1.766232848167419434e-01
1.974051892757415771e-01
2.089485526084899902e-01
2.370288819074630737e-01
1.861863881349563599e-01
1.675821095705032349e-01
2.336497455835342407e-01
2.069619596004486084e-01
2.607653141021728516e-01
1.871279031038284302e-01
1.897717714309692383e-01
2.264886051416397095e-01
1.681845784187316895e-01
1.947581022977828979e-01
1.897701770067214966e-01
2.114354074001312256e-01
1.731374412775039673e-01
1.983272880315780640e-01
1.655000299215316772e-01
1.985012888908386230e-01
2.079793959856033325e-01
1.767154335975646973e-01
1.472401171922683716e-01
2.000150680541992188e-01
1.785471141338348389e-01
1.696459501981735229e-01
2.418487370014190674e-01
2.101364284753799438e-01
1.661798804998397827e-01
1.563607156276702881e-01
1.597943305969238281e-01
1.990989595651626587e-01
